For ki2 = 1:

k1 = 0
k2 = vark2
k3 = 100
k4 = 32
k5 = 2
k6 = 5
k7 = 10**-6
ki1 = 1
ki2 = 1

for ki2 = 0.1:

k1 = 0
k2 = vark2
k3 = 100
k4 = 0
k5 = 2
k6 = 32
k7 = 10**-6
ki1 = 0.1
ki2 = 0.1

Points used in max response plot. Parameters for ki2 = 1 used. The values are the set point of A (1.5) minus the lowest solutions to the rate equations for A
[0, 2, 4, 8, 16, 32]
[0.9847708316382977, 0.7308255262753451, 0.581102071146689, 0.4120163671039325, 0.2604692815195031, 0.15008105836272856]
